NORBI
1 46494U 20068J   22358.89046937  .00004620  00000+0  31662-3 0  9991
2 46494  97.7513 300.9334 0017265   3.7406 356.3943 15.06433663122852

SATLLA-2B
1 51014U 22002AG  22359.15779664  .00019161  00000+0  83217-3 0  9994
2 51014  97.4756  64.9535 0012067 117.2964 242.9503 15.22286151 52385

FEES
1 48082U 21022AL  22359.18430673  .00014242  00000+0  76222-3 0  9996
2 48082  97.5162 256.9336 0012339 188.7311 171.3709 15.15083764 95412

FOSSASAT-2E1
1 50985U 22002B   22358.46178197  .00039012  00000+0  14074-2 0  9998
2 50985  97.4717  65.2638 0011641 109.4241 250.8258 15.28346714 52365

FOSSASAT-2E2
1 50984U 22002A   22358.16513348  .00036078  00000+0  13092-2 0  9993
2 50984  97.4700  64.9132 0011558 108.1616 252.0883 15.28172415 52329

FOSSASAT-2E3
1 50990U 22002G   22358.73150053  .00029476  00000+0  11421-2 0  9991
2 50990  97.4595  64.9609 0012336 107.0256 253.2335 15.26037461 52380

FOSSASAT-2E4
1 50987U 22002D   22358.91636865  .00029904  00000+0  10457-2 0  9991
2 50987  97.4717  66.0297 0011810 110.2712 249.9798 15.29423781 52457

FOSSASAT-2E5
1 51001U 22002T   22358.73133347  .00040221  00000+0  14553-2 0  9992
2 51001  97.4686  65.5105 0011091 111.8933 248.3487 15.28248196 52402

FOSSASAT-2E6
1 50991U 22002H   22358.46268805  .00035658  00000+0  13493-2 0  9997
2 50991  97.4698  64.9797 0011547 113.2453 247.0003 15.26792017 52348

FO007
1 55555U 22057AE  22212.56012500  .00000629  00000-0  17276-3 0  9992
2 55555  97.5208 326.6115 0012018  12.7688 351.8845 15.13760225 10104

FOSSASAT-2E8
1 52779U 22057AZ  22358.55783196  .00021593  00000+0  10721-2 0  9992
2 52779  97.5311 111.0723 0011459 224.7006 135.3305 15.17648248 32195

2022-167F
1 54687U 22167F   23050.99689428  .00020688  00000+0  12746-2 0  9998
2 54687  97.5401 189.7884 0015118  27.5507 111.0354 15.09901586 10960
